-- ordine

- line_size = 25 <------------- EXACT VALUE

-- rimuovi_ricetta

- line_size = 19 <------------- EXACT VALUE 

-- aggiungi_ricetta

-  line_size: 376

add += 1
1,733
1,725
1,719
1,723
1,735
 
add += 22
1,729
1,706
1,703
1,707
1,718 
 
add += 43
1,715
1,730
1,721
1,714
1,726


- line_size: 500

add += 1
1,720
1,717
1,713
1,730
1,717
   
add += 25
1,738 
1,701 
1,716
1,730 

 
add += 50
1,721
1,727
1,706
1,717 
1,709 

- line_size 600

add += 1
1,712
1,718
1,718
1,717
1,715
1,714
1,723

add += 25
1,713 
1,717 
1,714 
1,717 

 
add += 50
1,714 
1,706 
1,722 
1,711 

- line_size 400  

add += 1
1,717
1,733
1,721
1,723
1,718
1,716
1,716
1,718
1,726
 
add += 25
1,712
1,707
1,723
1,712
1,727
1,711 

add += 29
1,715
1,708
1,712
1,746
1,712
                  
add += 50	         
1,710
1,707
1,696
1,714
1,709 
1,735
1,714 


- line_size 401  <------------- BEST VALUE YET

add += 26
1,712
1,740
1,705
1,726
1,723

add += 27
1,718 
1,722
1,709
1,722

add += 28
1,720
1,723

add += 29 <------------- BEST VALUE YET
1,698
1,716
1,714
1,708
1,704  
1,709
1,704
1,724
1,718
1,717
1,706
1,713
1,707
1,707

add += 50	 
1,714 
1,724 
1,714 
1,717 
1,711
1,712
1,710
1,705
1,714
1,705
1,721
1,710

add += 75
1,708
1,704
1,727
1,720
1,710
1,721
1,711
1,700
1,708
1,708
1,715
1,722
1,718
1,721

-- rifornimento  <------------- NEEDS MORE TESTING

- line_size 6000

add += 1
1,788
1,802
1,784
1,777
1,800


- line_size 10000  <------------- BEST VALUE YET

add += 1
1,787
1,791
1,780
1,785
1,780 

add += 29
1,775
1,797
1,796
1,792
1,805

add += 58
1,785
1,796
1,799
1,787

add += 116
1,812
1,798
1,794
1,791

add += 232
1,795
1,798
1,783
1,791

add += 400
1,794 
1,780
1,788
1,783
1,786
1,791
1,790
1,788

add += 1000  <------------- BEST VALUE YET
1,779
1,807
1,782 
1,784